sin(pi / 2)

ans =

     1

cos(pi / 2)

ans =

   6.1232e-17

rem(12, 4)

ans =

     0

rem(12, 5)

ans =

     2

floor(1.6)

ans =

     1

ceil(1.6)

ans =

     2

round(1.6)

ans =

     2

round(1.5)

ans =

     2

x = [0 : 0.1 : 1]

x =

  Columns 1 through 10

         0    0.1000    0.2000    0.3000    0.4000    0.5000    0.6000    0.7000    0.8000    0.9000

  Column 11

    1.0000

y = exp(x)

y =

  Columns 1 through 10

    1.0000    1.1052    1.2214    1.3499    1.4918    1.6487    1.8221    2.0138    2.2255    2.4596

  Column 11

    2.7183

z = [0.9347 0.3835 0.5194 0.8310]

z =

    0.9347    0.3835    0.5194    0.8310

max(z)

ans =

    0.9347

min(z)

ans =

    0.3835

sort(z)

ans =

    0.3835    0.5194    0.8310    0.9347

sum(z)

ans =

    2.6686

mean(z)

ans =

    0.6672

M = [
0.7012 0.2625 0.3282
0.9103 0.0475 0.6326
0.7622 0.7361 0.7564]

M =

    0.7012    0.2625    0.3282
    0.9103    0.0475    0.6326
    0.7622    0.7361    0.7564

max(M)

ans =

    0.9103    0.7361    0.7564

max(ans)

ans =

    0.9103

max(max(M))

ans =

    0.9103

eye(4, 4)

ans =

     1     0     0     0
     0     1     0     0
     0     0     1     0
     0     0     0     1

eye(4)

ans =

     1     0     0     0
     0     1     0     0
     0     0     1     0
     0     0     0     1

zeros(2, 3)

ans =

     0     0     0
     0     0     0

ones(2)

ans =

     1     1
     1     1

C = rand(5, 4)

C =

    0.8147    0.0975    0.1576    0.1419
    0.9058    0.2785    0.9706    0.4218
    0.1270    0.5469    0.9572    0.9157
    0.9134    0.9575    0.4854    0.7922
    0.6324    0.9649    0.8003    0.9595

triu(C)

ans =

    0.8147    0.0975    0.1576    0.1419
         0    0.2785    0.9706    0.4218
         0         0    0.9572    0.9157
         0         0         0    0.7922
         0         0         0         0

tril(C)

ans =

    0.8147         0         0         0
    0.9058    0.2785         0         0
    0.1270    0.5469    0.9572         0
    0.9134    0.9575    0.4854    0.7922
    0.6324    0.9649    0.8003    0.9595

D = [
0.9092 0.5045 0.9866
0.0606 0.5163 0.4940
0.9047 0.3190 0.2661]

D =

    0.9092    0.5045    0.9866
    0.0606    0.5163    0.4940
    0.9047    0.3190    0.2661

diag(D)

ans =

    0.9092
    0.5163
    0.2661

diag([0.9092; 0.5163; 0.2661])

ans =

    0.9092         0         0
         0    0.5163         0
         0         0    0.2661

diag(diag(D))

ans =

    0.9092         0         0
         0    0.5163         0
         0         0    0.2661

A = [9 7 0; 0 8 6; 7 1 -6]

A =

     9     7     0
     0     8     6
     7     1    -6

size(A)

ans =

     3     3

det(A)

ans =

 -192.0000

inv(A)

ans =

    0.2812   -0.2187   -0.2187
   -0.2187    0.2812    0.2812
    0.2917   -0.2083   -0.3750

A * inv(A)

ans =

    1.0000         0         0
    0.0000    1.0000         0
         0         0    1.0000

inv(A) * A

ans =

    1.0000    0.0000         0
    0.0000    1.0000         0
   -0.0000    0.0000    1.0000

eig(A)

ans =

   -4.8055
   12.6462
    3.1594

[X, D] = eig(A)

X =

    0.2103    0.8351    0.6821
   -0.4148    0.4350   -0.5691
    0.8853    0.3368    0.4592


D =

   -4.8055         0         0
         0   12.6462         0
         0         0    3.1594

diary Section2_3_Instructions
