A = [
2 9 0 0
0 4 1 4
7 5 5 1
7 8 7 4]

A =

     2     9     0     0
     0     4     1     4
     7     5     5     1
     7     8     7     4

b = [-1; 6; 0; 9]

b =

    -1
     6
     0
     9

a = [3 -2 4 -5]

a =

     3    -2     4    -5

A .* b

ans =

    -2    -9     0     0
     0    24     6    24
     0     0     0     0
    63    72    63    36

a + 4

ans =

     7     2     8    -1

b .* a

ans =

    -3     2    -4     5
    18   -12    24   -30
     0     0     0     0
    27   -18    36   -45

a .* b'

ans =

    -3   -12     0   -45

A .* a'

ans =

     6    27     0     0
     0    -8    -2    -8
    28    20    20     4
   -35   -40   -35   -20

A * A

ans =

     4    54     9    36
    35    53    37    33
    56   116    37    29
    91   162    71    55

A ^ 2

ans =

     4    54     9    36
    35    53    37    33
    56   116    37    29
    91   162    71    55

A .^ 2

ans =

     4    81     0     0
     0    16     1    16
    49    25    25     1
    49    64    49    16

A(2 : 3, :)

ans =

     0     4     1     4
     7     5     5     1

x = A \ b

x =

   -2.9709
    0.5491
    3.6000
    0.0509

A * x

ans =

   -1.0000
    6.0000
    0.0000
    9.0000

format long
x

x =

  -2.970909090909092
   0.549090909090909
   3.600000000000001
   0.050909090909091

diary Section2_2_Exercises
